functions/InterpolationGstat/test.grd
DSAA
123 203
602750 633250
4.21975e+006 4.27025e+006
0.0620041 0.150989
[rows 135 to 161 of 203, columns 61 to 121 of 123]
0.0830035 0.082607 0.0822097 0.0818117 0.0814131 0.0810138 0.0806138 0.0802132 0.0798118 0.0794096 0.0790066 0.0786028 0.0781979 0.0777921 0.0773851 0.0769771 0.076568 0.0761577 0.0757463 0.0753338 0.0749204 0.0745062 0.0740915 0.0736764 0.0732613 0.0728466 0.0724329 0.0720207 0.0716107 0.0712037 0.0708006 0.0704023 0.07001 0.0696248 0.0692481 0.068881 0.0685252 0.068182 0.0678529 0.0675394 0.067243 0.0669651 0.0667069 0.0664698 0.0662548 0.0660627 0.0658943 0.06575 0.0656301 0.0655347 0.0654634 0.065416 0.0653916 0.0653895 0.0654085 0.0654476 0.0655053 0.0655802 0.065671 0.0657759 0.0658935
0.0828511 0.0824569 0.0820615 0.081665 0.0812675 0.0808688 0.080469 0.0800681 0.079666 0.0792626 0.0788579 0.0784519 0.0780444 0.0776355 0.077225 0.0768129 0.0763992 0.0759839 0.075567 0.0751487 0.0747289 0.0743079 0.0738859 0.0734632 0.0730402 0.0726172 0.0721948 0.0717737 0.0713545 0.0709382 0.0705255 0.0701177 0.0697158 0.0693211 0.0689349 0.0685587 0.0681939 0.0678422 0.0675051 0.0671842 0.066881 0.066597 0.0663337 0.0660923 0.0658739 0.0656795 0.0655098 0.0653653 0.0652463 0.0651529 0.0650847 0.0650413 0.065022 0.0650258 0.0650517 0.0650984 0.0651644 0.0652482 0.0653484 0.0654632 0.065591
0.0826982 0.0823061 0.0819125 0.0815174 0.0811208 0.0807227 0.080323 0.0799218 0.0795189 0.0791144 0.0787081 0.0782999 0.0778899 0.077478 0.077064 0.076648 0.07623 0.0758099 0.0753878 0.0749637 0.0745378 0.0741103 0.0736814 0.0732514 0.0728207 0.0723897 0.071959 0.0715294 0.0711014 0.0706761 0.0702544 0.0698374 0.0694263 0.0690225 0.0686273 0.0682423 0.0678691 0.0675094 0.0671647 0.0668367 0.0665271 0.0662375 0.0659693 0.0657239 0.0655024 0.0653059 0.0651351 0.0649906 0.0648727 0.0647812 0.0647161 0.0646768 0.0646624 0.0646721 0.0647047 0.0647588 0.0648329 0.0649254 0.0650346 0.065159 0.0652966
0.0825452 0.0821552 0.0817632 0.0813694 0.0809737 0.080576 0.0801765 0.079775 0.0793714 0.0789657 0.0785578 0.0781477 0.0777353 0.0773205 0.0769032 0.0764835 0.0760613 0.0756366 0.0752095 0.07478 0.0743484 0.0739146 0.0734792 0.0730422 0.0726042 0.0721657 0.0717272 0.0712894 0.0708531 0.0704193 0.069989 0.0695634 0.0691437 0.0687313 0.0683277 0.0679346 0.0675535 0.0671862 0.0668344 0.0664999 0.0661844 0.0658895 0.0656168 0.0653678 0.0651435 0.0649452 0.0647736 0.0646292 0.0645123 0.064423 0.0643609 0.0643255 0.064316 0.0643314 0.0643704 0.0644316 0.0645135 0.0646143 0.0647323 0.0648658 0.0650129
0.0823926 0.0820044 0.081614 0.0812214 0.0808266 0.0804295 0.08003 0.0796282 0.079224 0.0788173 0.0784079 0.077996 0.0775813 0.0771638 0.0767434 0.0763202 0.0758941 0.0754652 0.0750333 0.0745988 0.0741617 0.0737221 0.0732805 0.0728371 0.0723923 0.0719466 0.0715008 0.0710554 0.0706115 0.0701698 0.0697315 0.0692979 0.0688702 0.0684499 0.0680385 0.0676378 0.0672494 0.0668752 0.066517 0.0661765 0.0658556 0.065556 0.0652793 0.0650271 0.0648004 0.0646006 0.0644283 0.0642842 0.0641685 0.0640813 0.0640221 0.0639906 0.0639858 0.0640066 0.0640517 0.0641197 0.0642089 0.0643175 0.0644438 0.0645859 0.0646739
0.0822406 0.0818543 0.0814655 0.0810741 0.0806801 0.0802835 0.0798842 0.0794822 0.0790774 0.0786697 0.0782591 0.0778454 0.0774286 0.0770087 0.0765855 0.0761591 0.0757294 0.0752964 0.0748603 0.074421 0.0739789 0.073534 0.0730866 0.0726372 0.0721862 0.071734 0.0712815 0.0708292 0.0703781 0.0699293 0.0694837 0.0690428 0.0686078 0.0681803 0.067762 0.0673544 0.0669595 0.0665791 0.066215 0.0658693 0.0655436 0.0652399 0.0649597 0.0647047 0.064476 0.064275 0.0641023 0.0639586 0.0638442 0.063759 0.0637028 0.0636749 0.0636745 0.0637004 0.0637512 0.0638255 0.0639216 0.0640375 0.0641715 0.0642612 0.0644222
0.0820899 0.0817053 0.081318 0.0809278 0.0805347 0.0801386 0.0797396 0.0793375 0.0789322 0.0785237 0.0781119 0.0776967 0.0772781 0.0768559 0.0764302 0.0760009 0.0755679 0.0751313 0.0746913 0.0742478 0.0738011 0.0733513 0.0728988 0.072444 0.0719873 0.0715293 0.0710707 0.0706122 0.0701547 0.0696994 0.0692474 0.0687999 0.0683585 0.0679247 0.0675001 0.0670866 0.0666859 0.0663001 0.065931 0.0655807 0.065251 0.0649437 0.0646606 0.0644033 0.0641731 0.0639711 0.0637983 0.0636552 0.0635421 0.063459 0.0634055 0.0633811 0.0633847 0.0634154 0.0634715 0.0635516 0.0636539 0.0637277 0.0638654 0.0640192 0.0641874
0.0819406 0.0815579 0.081172 0.080783 0.0803909 0.0799954 0.0795967 0.0791946 0.078789 0.0783799 0.0779671 0.0775506 0.0771304 0.0767063 0.0762783 0.0758464 0.0754106 0.0749709 0.0745273 0.0740801 0.0736293 0.0731752 0.0727182 0.0722586 0.0717969 0.0713337 0.0708698 0.0704058 0.0699428 0.0694819 0.0690242 0.0685711 0.0681242 0.0676849 0.067255 0.0668363 0.0664308 0.0660405 0.0656672 0.0653131 0.06498 0.0646699 0.0643846 0.0641255 0.0638941 0.0636916 0.0635189 0.0633765 0.0632648 0.0631836 0.0631328 0.0631115 0.0631189 0.0631538 0.0632147 0.0632628 0.0633678 0.0634931 0.0636367 0.0637968 0.0639713
0.0817933 0.0814123 0.081028 0.0806402 0.080249 0.0798543 0.079456 0.079054 0.0786483 0.0782387 0.0778252 0.0774078 0.0769862 0.0765605 0.0761306 0.0756965 0.0752582 0.0748158 0.0743692 0.0739188 0.0734645 0.0730067 0.0725458 0.0720821 0.0716162 0.0711486 0.07068 0.0702115 0.0697438 0.0692781 0.0688157 0.0683579 0.0679063 0.0674625 0.0670283 0.0666055 0.0661961 0.0658021 0.0654256 0.0650685 0.0647329 0.0644207 0.0641336 0.0638734 0.0636413 0.0634387 0.0632663 0.0631247 0.0630144 0.0629352 0.0628867 0.0628684 0.0628792 0.0628908 0.062954 0.0630413 0.0631509 0.0632811 0.0634299 0.0635953 0.0637754
0.0816482 0.081269 0.0808862 0.0804998 0.0801097 0.0797158 0.079318 0.0789163 0.0785107 0.0781009 0.0776869 0.0772687 0.0768461 0.0764191 0.0759877 0.0755519 0.0751116 0.0746669 0.0742179 0.0737647 0.0733076 0.0728468 0.0723826 0.0719155 0.0714461 0.0709748 0.0705026 0.0700303 0.0695588 0.0690894 0.0686232 0.0681617 0.0677065 0.0672592 0.0668217 0.0663957 0.0659834 0.0655868 0.0652078 0.0648487 0.0645113 0.0641977 0.0639097 0.0636488 0.0634165 0.063214 0.0630422 0.0629017 0.0627928 0.0627154 0.0626692 0.0626338 0.062647 0.0626876 0.0627543 0.0628453 0.0629589 0.0630932 0.0632462 0.0634161 0.0636008
0.0815057 0.0811283 0.0807472 0.0803621 0.0799732 0.0795802 0.0791832 0.078782 0.0783766 0.0779668 0.0775526 0.0771339 0.0767107 0.0762828 0.0758503 0.0754131 0.0749713 0.0745248 0.0740739 0.0736187 0.0731593 0.0726961 0.0722295 0.0717598 0.0712876 0.0708136 0.0703386 0.0698634 0.0693891 0.0689168 0.0684479 0.0679837 0.0675259 0.0670762 0.0666363 0.0662083 0.0657941 0.0653957 0.0650153 0.064655 0.0643168 0.0640025 0.0637141 0.0634532 0.0632212 0.0630193 0.0628483 0.062709 0.0626014 0.06251 0.0624669 0.0624536 0.0624692 0.0625125 0.0625819 0.0626759 0.0627926 0.0629302 0.0630868 0.0632602 0.0634486
0.081366 0.0809906 0.0806111 0.0802276 0.0798399 0.079448 0.0790519 0.0786514 0.0782464 0.0778369 0.0774228 0.077004 0.0765804 0.0761521 0.0757189 0.0752808 0.0748379 0.0743903 0.0739381 0.0734814 0.0730204 0.0725556 0.0720871 0.0716156 0.0711415 0.0706656 0.0701887 0.0697116 0.0692354 0.0687613 0.0682907 0.0678249 0.0673655 0.0669144 0.0664733 0.0660442 0.0656291 0.0652301 0.0648492 0.0644886 0.0641503 0.0638362 0.0635481 0.0632877 0.0630564 0.0628554 0.0626855 0.0625313 0.0624281 0.062356 0.0623147 0.0623033 0.0623208 0.0623662 0.0624377 0.062534 0.0626531 0.0627932 0.0629523 0.0631284 0.0633195
0.0812295 0.080856 0.0804783 0.0800964 0.0797102 0.0793196 0.0789245 0.0785249 0.0781207 0.0777118 0.077298 0.0768794 0.0764559 0.0760274 0.075594 0.0751555 0.0747122 0.0742639 0.0738109 0.0733534 0.0728915 0.0724257 0.0719562 0.0714837 0.0710086 0.0705317 0.0700537 0.0695757 0.0690986 0.0686237 0.0681523 0.0676859 0.0672262 0.0667747 0.0663335 0.0659044 0.0654894 0.0650907 0.0647102 0.0643502 0.0640126 0.0636994 0.0634123 0.063153 0.0629229 0.0627024 0.0625383 0.0624053 0.0623036 0.062233 0.0621931 0.0621832 0.0622023 0.0622491 0.0623222 0.06242 0.0625407 0.0626824 0.0628432 0.0630211 0.063214
0.0810964 0.080725 0.0803492 0.079969 0.0795844 0.0791952 0.0788014 0.078403 0.0779997 0.0775916 0.0771786 0.0767606 0.0763375 0.0759093 0.0754761 0.0750377 0.0745944 0.0741461 0.0736929 0.0732352 0.0727732 0.0723071 0.0718374 0.0713646 0.0708893 0.0704122 0.0699342 0.0694561 0.0689791 0.0685045 0.0680334 0.0675675 0.0671083 0.0666576 0.0662172 0.0657891 0.0653753 0.0649778 0.0645988 0.0642402 0.0639041 0.0635925 0.0632726 0.0630207 0.0627977 0.0626046 0.0624421 0.0623106 0.0622103 0.0621411 0.0621024 0.0620936 0.0621137 0.0621615 0.0622355 0.0623342 0.0624557 0.0625982 0.0627598 0.0629385 0.0631324
0.080967 0.0805976 0.0802239 0.0798456 0.0794627 0.0790752 0.0786829 0.0782858 0.0778838 0.0774769 0.0770649 0.0766478 0.0762255 0.0757981 0.0753655 0.0749278 0.074485 0.0740372 0.0735845 0.0731273 0.0726657 0.0722001 0.0717309 0.0712587 0.070784 0.0703077 0.0698305 0.0693534 0.0688774 0.0684039 0.0679342 0.0674698 0.0670122 0.0665633 0.0661248 0.0656987 0.065287 0.0648917 0.0645149 0.0641586 0.0637801 0.0634767 0.0631995 0.0629498 0.0627289 0.0625377 0.0623769 0.062247 0.0621481 0.06208 0.0620423 0.0620343 0.062055 0.0621032 0.0621775 0.0622763 0.0623979 0.0625405 0.0627021 0.0628808 0.0630746
0.0808414 0.0804743 0.0801026 0.0797264 0.0793454 0.0789597 0.0785692 0.0781737 0.0777733 0.0773678 0.0769572 0.0765414 0.0761204 0.0756941 0.0752627 0.074826 0.0743843 0.0739376 0.073486 0.0730299 0.0725694 0.072105 0.0716371 0.0711663 0.0706931 0.0702183 0.0697428 0.0692676 0.0687937 0.0683223 0.0678549 0.0673929 0.066938 0.0664918 0.0660561 0.065633 0.0652243 0.0647722 0.0644034 0.0640557 0.0637307 0.0634302 0.0631558 0.0629087 0.0626902 0.0625012 0.0623423 0.062214 0.0621164 0.0620493 0.0620123 0.0620047 0.0620256 0.0620737 0.0621477 0.0622461 0.062367 0.0625089 0.0626696 0.0628475 0.0630404
0.0807198 0.080355 0.0799857 0.0796116 0.0792328 0.0788491 0.0784606 0.078067 0.0776684 0.0772646 0.0768557 0.0764416 0.0760222 0.0755976 0.0751677 0.0747327 0.0742926 0.0738475 0.0733976 0.0729432 0.0724846 0.0720221 0.0715563 0.0710876 0.0706166 0.0701443 0.0696714 0.0691989 0.0687279 0.0682596 0.0677954 0.0673368 0.0668854 0.0664429 0.0659412 0.0655245 0.0651232 0.0647392 0.0643743 0.0640303 0.0637091 0.0634121 0.0631409 0.0628968 0.062681 0.0624943 0.0623374 0.0622107 0.0621143 0.0620481 0.0620116 0.0620041 0.0620247 0.0620723 0.0621454 0.0622427 0.0623624 0.0625028 0.062662 0.0628381 0.0630294
0.0806024 0.0802401 0.0798732 0.0795015 0.079125 0.0787436 0.0783572 0.0779658 0.0775693 0.0771676 0.0767607 0.0763486 0.0759313 0.0755087 0.0750809 0.074648 0.07421 0.0737671 0.0733195 0.0728675 0.0724113 0.0719515 0.0714883 0.0710225 0.0705547 0.0700855 0.069616 0.0691471 0.0686798 0.0682155 0.0677555 0.0672299 0.0667823 0.0663448 0.0659192 0.0655072 0.0651106 0.0647313 0.0643709 0.0640314 0.0637143 0.0634213 0.0631538 0.062913 0.0627002 0.062516 0.0623612 0.0622361 0.0621409 0.0620753 0.0620391 0.0620314 0.0620514 0.0620979 0.0621698 0.0622654 0.0623832 0.0625214 0.0626784 0.0628521 0.0630409
0.0804893 0.0801297 0.0797653 0.0793962 0.0790222 0.0786432 0.0782593 0.0778703 0.0774761 0.0770769 0.0766724 0.0762627 0.0758478 0.0754276 0.0750023 0.074572 0.0741366 0.0736965 0.0732517 0.0728027 0.0723496 0.071893 0.0714333 0.0709711 0.070507 0.0700419 0.0695765 0.069112 0.0685865 0.0681229 0.067665 0.0672141 0.0667718 0.0663397 0.0659195 0.0655129 0.0651216 0.0647476 0.0643924 0.0640578 0.0637454 0.0634568 0.0631933 0.0629561 0.0627464 0.062565 0.0624123 0.0622889 0.0621948 0.0621298 0.0620935 0.0620853 0.0621044 0.0621495 0.0622196 0.062313 0.0624283 0.0625639 0.0627179 0.0628886 0.0630743
0.0803807 0.0800238 0.0796622 0.0792958 0.0789244 0.0785482 0.0781669 0.0777805 0.0773891 0.0769925 0.0765908 0.0761838 0.0757717 0.0753544 0.0749321 0.0745047 0.0740725 0.0736357 0.0731943 0.0727488 0.0722995 0.0718467 0.0713911 0.0709331 0.0704378 0.0699689 0.069501 0.0690353 0.0685728 0.0681148 0.0676626 0.0672176 0.0667813 0.0663552 0.0659411 0.0655405 0.0651553 0.064787 0.0644375 0.0641083 0.0638011 0.0635172 0.063258 0.0630248 0.0628184 0.0626398 0.0624894 0.0623676 0.0622745 0.0622099 0.0621735 0.0621646 0.0621823 0.0622257 0.0622935 0.0623843 0.0624967 0.0626289 0.0627795 0.0629465 0.0631284
0.0802766 0.0799226 0.0795639 0.0792003 0.0788319 0.0784585 0.0780801 0.0776967 0.0773082 0.0769146 0.0765159 0.0761121 0.0757031 0.0752891 0.0748702 0.0744463 0.0740177 0.0735846 0.0731472 0.0727057 0.0722679 0.0718074 0.0713451 0.0708816 0.0704177 0.0699543 0.0694921 0.0690323 0.0685758 0.0681241 0.0676782 0.0672397 0.06681 0.0663906 0.0659831 0.0655892 0.0652104 0.0648485 0.0645051 0.0641817 0.0638799 0.0636011 0.0633465 0.0631174 0.0629145 0.0627388 0.0625907 0.0624705 0.0623784 0.0623141 0.0622773 0.0622675 0.0622837 0.062325 0.0623902 0.062478 0.0625869 0.0627154 0.0628619 0.0630248 0.0629063
0.0801771 0.0798262 0.0794705 0.07911 0.0787446 0.0783743 0.0779991 0.0776189 0.0772336 0.0768433 0.0764479 0.0760475 0.0756421 0.0752317 0.0748165 0.0743966 0.0740347 0.0735907 0.0731432 0.0726927 0.0722395 0.0717842 0.0713272 0.0708694 0.0704113 0.0699539 0.069498 0.0690446 0.0685949 0.0681499 0.0677111 0.0672796 0.066857 0.0664448 0.0660445 0.0656576 0.0652858 0.0649306 0.0645937 0.0642765 0.0639805 0.063707 0.0634573 0.0632323 0.0630331 0.0628604 0.0627146 0.062596 0.0625048 0.0624407 0.0624034 0.0623924 0.0624069 0.0624458 0.0625081 0.0625925 0.0626976 0.062822 0.0629641 0.0628452 0.0629759
0.0800823 0.0797346 0.0793821 0.0790248 0.0786627 0.0782957 0.0779238 0.077547 0.0771652 0.0767784 0.076549 0.0761345 0.0757154 0.0752919 0.0748642 0.0744325 0.0739969 0.0735577 0.0731153 0.07267 0.0722223 0.0717726 0.0713216 0.0708699 0.0704182 0.0699673 0.0695182 0.0690718 0.0686292 0.0681916 0.0677602 0.0673363 0.0669213 0.0665167 0.066124 0.0657446 0.0653801 0.065032 0.0647019 0.0643912 0.0641012 0.0638332 0.0635885 0.0633679 0.0631725 0.0630027 0.0628593 0.0627423 0.0626519 0.0625879 0.0625501 0.0625377 0.0625502 0.0625865 0.0626456 0.0627264 0.0628273 0.0629472 0.0628161 0.0629318 0.0630586
0.0799922 0.079979 0.0796102 0.0792368 0.0788587 0.0784759 0.0780885 0.0776965 0.0772998 0.0768985 0.0764926 0.0760823 0.0756676 0.0752487 0.0748257 0.0743988 0.0739683 0.0735343 0.0730974 0.0726577 0.0722159 0.0717724 0.0713277 0.0708825 0.0704376 0.0699938 0.069552 0.069113 0.0686781 0.0682482 0.0678247 0.0674088 0.0670018 0.0666052 0.0662204 0.0658488 0.065492 0.0651513 0.0648282 0.0645241 0.0642404 0.0639781 0.0637385 0.0635224 0.0633307 0.0631641 0.063023 0.0629076 0.062818 0.062754 0.0627154 0.0627016 0.0627119 0.0627455 0.0628012 0.062878 0.0629746 0.0628195 0.0629193 0.063031 0.0631536
0.0802543 0.0798937 0.0795286 0.0791589 0.0787846 0.0784057 0.0780222 0.0776342 0.0772417 0.0768447 0.0764432 0.0760375 0.0756275 0.0752134 0.0747954 0.0743737 0.0739486 0.0735203 0.0730891 0.0726555 0.07222 0.071783 0.071345 0.0709069 0.0704692 0.0700328 0.0695986 0.0691675 0.0687406 0.0683189 0.0679036 0.067496 0.0670974 0.0667091 0.0663325 0.065969 0.06562 0.0652869 0.0649711 0.0646739 0.0643964 0.06414 0.0639056 0.0636941 0.0635062 0.0633427 0.0632039 0.06309 0.0630011 0.0629372 0.0628977 0.0628824 0.0628904 0.062921 0.0629731 0.0630458 0.0631378 0.0629384 0.0630343 0.0631417 0.0632599
0.0801703 0.0798135 0.0794521 0.0790863 0.078716 0.0783412 0.0779619 0.0775781 0.07719 0.0767975 0.0764007 0.0759997 0.0755947 0.0751858 0.0747731 0.074357 0.0739375 0.0735152 0.0730902 0.072663 0.0722341 0.0718039 0.0713731 0.0709423 0.0705122 0.0700836 0.0696574 0.0692345 0.0688158 0.0684026 0.0679959 0.0675969 0.0672069 0.0668272 0.066459 0.0661038 0.0657629 0.0654375 0.0651291 0.0648388 0.0645678 0.0643172 0.0640881 0.0638811 0.0636972 0.0635367 0.0634002 0.0632878 0.0631997 0.0631356 0.0630953 0.0630782 0.0630839 0.0631114 0.0631599 0.0632283 0.062989 0.0630682 0.0631599 0.063263 0.0633766
0.0800912 0.0797383 0.0793809 0.0790191 0.0786529 0.0782824 0.0779074 0.0775281 0.0771446 0.0767568 0.0763649 0.075969 0.0755692 0.0751657 0.0747586 0.0743482 0.0739348 0.0735187 0.0731002 0.0726797 0.0722577 0.0718347 0.0714113 0.0709882 0.0705659 0.0701454 0.0697275 0.069313 0.068903 0.0684985 0.0681006 0.0677104 0.0673292 0.0669582 0.0665986 0.0662518 0.0659191 0.0656016 0.0653006 0.0650173 0.0647528 0.0645082 0.0642843 0.0640819 0.0639018 0.0637445 0.0636102 0.0634993 0.0634118 0.0633476 0.0633063 0.0632876 0.0632907 0.0633151 0.0633598 0.0630703 0.0631325 0.0632078 0.0632952 0.0633938 0.0635027
