functions/InterpolationGstat/test.grd
DSAA
123 203
602750 633250
4.21975e+006 4.27025e+006
0.0620041 0.150989
[rows 54 to 80 of 203, columns 0 to 60 of 123]
0.112513 0.112874 0.113225 0.113562 0.11388 0.114173 0.114437 0.114662 0.114843 0.114971 0.115037 0.114787 0.114708 0.11454 0.114276 0.113911 0.113443 0.112869 0.112192 0.111414 0.11054 0.109577 0.108531 0.107409 0.106219 0.104967 0.103661 0.10231 0.100921 0.0995054 0.0980748 0.0966434 0.095228 0.0938477 0.0925241 0.0912801 0.0901396 0.0891254 0.0882574 0.08755 0.0870093 0.0866303 0.0863943 0.0862691 0.0862101 0.0861665 0.0860879 0.0859339 0.0856805 0.0853234 0.0848759 0.0843632 0.0838154 0.0832608 0.082722 0.0822134 0.0817418 0.0813077 0.0809071 0.0805335 0.0801793
0.113119 0.113511 0.113895 0.114267 0.114621 0.114953 0.115255 0.115521 0.115743 0.115911 0.115788 0.115829 0.115786 0.11565 0.115413 0.115071 0.114618 0.114055 0.113382 0.112604 0.111725 0.110751 0.109691 0.10855 0.107335 0.106053 0.10471 0.103313 0.101869 0.100388 0.0988815 0.0973636 0.095852 0.0943676 0.0929345 0.0915792 0.0903299 0.0892141 0.0882571 0.0874781 0.0868875 0.0864831 0.0862475 0.0861474 0.0861357 0.0861568 0.0861552 0.0860842 0.0859141 0.0856347 0.0852542 0.0847939 0.084281 0.0837426 0.0832018 0.0826745 0.0821704 0.0816931 0.0812417 0.0808127 0.0804013
0.113696 0.114118 0.114533 0.114937 0.115327 0.115695 0.116035 0.116341 0.116603 0.116596 0.116753 0.116833 0.116826 0.116723 0.116515 0.116197 0.115763 0.115214 0.11455 0.113777 0.112899 0.111924 0.110858 0.109709 0.108481 0.107181 0.105813 0.104382 0.102894 0.101358 0.0997828 0.098184 0.0965796 0.094992 0.093448 0.0919778 0.090614 0.0893894 0.0883344 0.0874736 0.0868215 0.0863789 0.0861296 0.0860396 0.0860592 0.086129 0.0861889 0.0861871 0.0860885 0.0858777 0.0855578 0.085146 0.0846663 0.0841445 0.0836034 0.0830603 0.082527 0.0820098 0.0815109 0.0810295 0.0805636
0.114239 0.114688 0.115133 0.115568 0.11599 0.116392 0.116769 0.117111 0.117206 0.117468 0.117664 0.117782 0.117811 0.117742 0.117564 0.11727 0.116858 0.116326 0.115677 0.114915 0.114047 0.11308 0.112022 0.110878 0.109652 0.10835 0.106972 0.105523 0.104006 0.102427 0.100796 0.0991264 0.0974368 0.0957514 0.0940995 0.0925153 0.0910358 0.0896992 0.0885413 0.0875917 0.0868691 0.0863768 0.0860998 0.0860033 0.0860355 0.0861342 0.0862354 0.0862837 0.0862394 0.0860825 0.0858114 0.0854391 0.0849865 0.0844774 0.0839341 0.0833749 0.0828129 0.082257 0.081712 0.0811797 0.0806606
0.114746 0.115219 0.115689 0.116153 0.116604 0.117037 0.117446 0.117622 0.117975 0.118274 0.118507 0.118661 0.118725 0.118687 0.118538 0.118271 0.117883 0.117372 0.116742 0.115999 0.115151 0.114205 0.113168 0.112046 0.110841 0.109555 0.108188 0.10674 0.105213 0.10361 0.101938 0.100212 0.0984494 0.096676 0.094924 0.0932311 0.0916392 0.0901916 0.0889295 0.0878872 0.087087 0.0865345 0.0862153 0.086094 0.0861174 0.0862213 0.0863395 0.0864139 0.0864017 0.086279 0.0860401 0.0856938 0.0852577 0.0847536 0.0842026 0.0836235 0.0830307 0.0824349 0.0818431 0.0812598 0.0806877
0.115211 0.115706 0.116199 0.116686 0.117162 0.117622 0.117858 0.118286 0.118671 0.119002 0.119267 0.119454 0.119549 0.11954 0.119419 0.119178 0.118814 0.118328 0.117724 0.117009 0.116192 0.115281 0.114283 0.113203 0.11204 0.110794 0.109461 0.108038 0.106523 0.104917 0.103226 0.101461 0.0996415 0.0977941 0.0959535 0.0941613 0.092464 0.09091 0.0895452 0.0884083 0.0875246 0.0869014 0.0865245 0.0863583 0.086349 0.0864314 0.0865389 0.0866119 0.0866057 0.0864935 0.0862661 0.0859283 0.0854946 0.0849842 0.084417 0.0838115 0.0831831 0.0825438 0.0819028 0.0812666 0.0806402
0.115633 0.116145 0.116657 0.117163 0.11766 0.117933 0.118418 0.118872 0.119283 0.11964 0.119932 0.120145 0.120266 0.120283 0.120186 0.11997 0.119632 0.119173 0.118601 0.117925 0.117153 0.116295 0.115356 0.11434 0.113245 0.112065 0.110793 0.109422 0.107946 0.106362 0.104674 0.102892 0.101034 0.09913 0.0972155 0.0953362 0.0935431 0.0918892 0.0904249 0.0891922 0.088219 0.0875136 0.0870623 0.0868294 0.0867614 0.0867938 0.0868605 0.0869024 0.0868738 0.0867461 0.0865068 0.0861575 0.0857092 0.0851786 0.084584 0.0839433 0.0832722 0.082584 0.0818893 0.0811969 0.0805136
0.116009 0.116535 0.117061 0.117582 0.118094 0.118397 0.1189 0.119372 0.119802 0.120179 0.12049 0.120722 0.120862 0.120899 0.120823 0.120629 0.120317 0.119891 0.119359 0.118731 0.118021 0.117235 0.11638 0.115455 0.114455 0.113371 0.112189 0.1109 0.10949 0.107956 0.106296 0.10452 0.102646 0.100704 0.0987315 0.0967786 0.0949 0.0931531 0.091592 0.0902617 0.0891916 0.0883912 0.0878472 0.0875246 0.087371 0.0873241 0.0873196 0.0873 0.08722 0.0870494 0.0867738 0.0863913 0.0859099 0.0853435 0.0847084 0.0840218 0.0832992 0.0825549 0.0818008 0.0810473 0.0803035
0.116339 0.116874 0.117409 0.117939 0.118248 0.118785 0.119299 0.119782 0.120223 0.120611 0.120933 0.121176 0.121328 0.121378 0.121318 0.121144 0.120859 0.120468 0.119985 0.119421 0.11879 0.118099 0.117354 0.116549 0.115675 0.114718 0.113659 0.112482 0.111169 0.109712 0.108107 0.106361 0.104492 0.10253 0.100516 0.0985025 0.0965478 0.0947134 0.0930565 0.0916245 0.0904483 0.0895383 0.0888819 0.0884458 0.0881799 0.088025 0.0879199 0.0878095 0.0876495 0.0874095 0.0870729 0.0866353 0.0861015 0.0854825 0.084793 0.0840485 0.0832645 0.0824556 0.081635 0.0808147 0.0800055
0.116621 0.117161 0.117701 0.117999 0.118556 0.119097 0.119615 0.120101 0.120544 0.120934 0.121258 0.121503 0.121659 0.121715 0.121666 0.12151 0.121252 0.120904 0.12048 0.119995 0.119464 0.118894 0.118286 0.117633 0.116919 0.116122 0.115218 0.114184 0.112998 0.111646 0.110121 0.108428 0.106584 0.104619 0.102577 0.100513 0.0984892 0.0965696 0.0948148 0.0932742 0.0919802 0.090944 0.090155 0.089582 0.0891782 0.0888883 0.0886551 0.0884267 0.0881604 0.0878258 0.0874049 0.0868907 0.0862854 0.0855973 0.0848387 0.0840238 0.0831676 0.082285 0.08139 0.0804961 0.079616
0.116857 0.117398 0.117672 0.118238 0.118794 0.119334 0.119848 0.12033 0.120768 0.121151 0.121469 0.121709 0.12186 0.121916 0.121873 0.121734 0.121507 0.121208 0.120855 0.120468 0.120059 0.119638 0.119199 0.11873 0.118208 0.117604 0.116888 0.116028 0.114997 0.113775 0.112353 0.110733 0.10893 0.106976 0.104917 0.102808 0.100717 0.0987107 0.096852 0.0951926 0.0937664 0.0925865 0.0916443 0.0909118 0.0903465 0.0898974 0.0895118 0.0891412 0.0887449 0.0882929 0.0877662 0.0871557 0.0864608 0.0856873 0.0848452 0.0839474 0.083008 0.082042 0.0810642 0.0800895 0.0791324
0.117048 0.117287 0.117856 0.118418 0.118968 0.119499 0.120004 0.120475 0.120901 0.121271 0.121575 0.121802 0.121944 0.121996 0.121958 0.121836 0.121645 0.121405 0.121139 0.120868 0.120608 0.120362 0.120124 0.119871 0.119574 0.119196 0.118697 0.118038 0.117187 0.116119 0.114818 0.113286 0.111537 0.109602 0.107528 0.105377 0.103216 0.101116 0.0991433 0.0973516 0.0957771 0.094435 0.0933198 0.0924073 0.0916594 0.0910301 0.0904712 0.0899377 0.0893911 0.0888021 0.0881506 0.0874259 0.0866249 0.085751 0.0848119 0.0838191 0.0827858 0.0817268 0.0806578 0.0795949 0.0785544
0.117196 0.117426 0.117988 0.118542 0.119081 0.1196 0.120091 0.120546 0.120954 0.121306 0.121592 0.121803 0.121933 0.12198 0.121948 0.121849 0.121703 0.121535 0.121372 0.12124 0.121153 0.121112 0.121104 0.121099 0.121057 0.120933 0.120678 0.120245 0.119594 0.118695 0.117529 0.116094 0.114403 0.112489 0.110401 0.108201 0.105961 0.103757 0.101656 0.0997162 0.0979759 0.0964536 0.095147 0.0940362 0.0930879 0.092261 0.0915117 0.0907985 0.090085 0.0893424 0.0885503 0.087696 0.0867745 0.0857868 0.0847385 0.0836395 0.0825022 0.0813413 0.080173 0.0790148 0.0778847
0.116964 0.117522 0.118074 0.118616 0.119142 0.119645 0.120119 0.120555 0.120944 0.121276 0.121542 0.121737 0.121856 0.121902 0.121882 0.121815 0.121726 0.121646 0.121607 0.121637 0.121748 0.121939 0.122188 0.122458 0.122699 0.122853 0.122863 0.122673 0.122237 0.121517 0.120492 0.119157 0.117523 0.115624 0.113511 0.111251 0.10892 0.106595 0.10435 0.102245 0.100322 0.0986023 0.0970882 0.095764 0.0946012 0.0935632 0.0926105 0.0917047 0.0908114 0.0899024 0.0889567 0.0879604 0.0869065 0.0857936 0.0846258 0.083411 0.082161 0.0808902 0.0796155 0.0783555 0.0771301
0.11703 0.117578 0.118118 0.118647 0.119157 0.119644 0.1201 0.120517 0.120885 0.121199 0.121449 0.121632 0.121748 0.121801 0.121805 0.121785 0.12177 0.121797 0.121903 0.122116 0.122449 0.122896 0.123426 0.123993 0.124536 0.124986 0.125275 0.12534 0.125125 0.124588 0.123702 0.12246 0.120874 0.118978 0.116826 0.11449 0.112049 0.109587 0.10718 0.104893 0.10277 0.100839 0.0991048 0.0975558 0.0961682 0.0949099 0.0937448 0.0926375 0.0915553 0.0904706 0.089362 0.0882143 0.0870186 0.0857719 0.0844762 0.0831381 0.0817685 0.0803815 0.0789947 0.0776279 0.076303
0.117063 0.117599 0.118127 0.118642 0.119137 0.119608 0.120046 0.120446 0.120798 0.121097 0.121338 0.121518 0.121641 0.121715 0.12176 0.121804 0.121883 0.122039 0.122311 0.122729 0.123305 0.124025 0.124853 0.125732 0.126589 0.127345 0.127921 0.128243 0.128248 0.127888 0.127132 0.125971 0.124416 0.122505 0.120296 0.117864 0.115295 0.112677 0.110092 0.107608 0.105274 0.103121 0.101157 0.0993765 0.0977585 0.0962748 0.0948927 0.093579 0.0923027 0.0910368 0.0897592 0.088454 0.0871105 0.085724 0.0842948 0.0828284 0.0813345 0.0798273 0.0783248 0.0768482 0.0754212
0.117066 0.117592 0.118107 0.118608 0.11909 0.119546 0.11997 0.120357 0.120699 0.120992 0.121232 0.121421 0.121566 0.121679 0.121784 0.121914 0.122109 0.122415 0.122873 0.123513 0.124344 0.125349 0.126483 0.127679 0.128854 0.129916 0.130776 0.131349 0.131566 0.131371 0.130729 0.129629 0.128086 0.126139 0.123852 0.121305 0.11859 0.115802 0.113026 0.110335 0.107782 0.105402 0.103206 0.101192 0.0993425 0.0976329 0.0960334 0.0945127 0.0930411 0.091592 0.0901432 0.0886776 0.0871834 0.0856542 0.0840891 0.0824921 0.0808724 0.0792438 0.0776249 0.0760382 0.0745091
0.117045 0.11756 0.118064 0.118553 0.119023 0.119468 0.119883 0.120262 0.120601 0.120897 0.12115 0.121362 0.121545 0.121716 0.121901 0.122138 0.12247 0.122944 0.123602 0.124475 0.125568 0.126859 0.128297 0.129805 0.131289 0.132648 0.133779 0.13459 0.135001 0.134952 0.134403 0.133345 0.131792 0.129789 0.127405 0.124728 0.121856 0.118888 0.115915 0.113015 0.110243 0.107637 0.105212 0.102968 0.100892 0.0989608 0.0971479 0.0954236 0.0937594 0.092129 0.0905102 0.088885 0.0872407 0.0855695 0.0838692 0.0821428 0.0803989 0.0786512 0.0769185 0.0752246 0.0735967
0.117003 0.117508 0.118002 0.118482 0.118944 0.119382 0.119793 0.120172 0.120517 0.120827 0.121103 0.121354 0.121591 0.121837 0.122121 0.122482 0.122966 0.12362 0.124487 0.125594 0.126944 0.128511 0.130237 0.132039 0.133813 0.135446 0.136827 0.137853 0.138436 0.138509 0.138032 0.136994 0.135413 0.133339 0.130849 0.128035 0.125002 0.121856 0.118691 0.115587 0.112604 0.109781 0.107136 0.104673 0.102379 0.100236 0.0982187 0.0962985 0.0944482 0.0926423 0.0908583 0.0890779 0.0872875 0.0854784 0.0836472 0.0817963 0.0799335 0.0780725 0.0762326 0.0744383 0.0727184
0.116944 0.11744 0.117927 0.118401 0.118857 0.119293 0.119706 0.120092 0.120451 0.120785 0.121098 0.121399 0.121705 0.12204 0.122436 0.122933 0.123578 0.124416 0.125489 0.12682 0.12841 0.130229 0.132215 0.134278 0.136307 0.138182 0.13978 0.14099 0.141717 0.141888 0.141462 0.140428 0.13881 0.136661 0.134063 0.131118 0.127935 0.124622 0.12128 0.117989 0.114812 0.111789 0.108942 0.106275 0.10378 0.10144 0.0992302 0.0971257 0.0950998 0.0931277 0.091187 0.0892593 0.0873304 0.085391 0.083437 0.08147 0.0794974 0.0775329 0.075596 0.0737119 0.0719108
0.11687 0.11736 0.117841 0.118311 0.118767 0.119205 0.119625 0.120025 0.120407 0.120773 0.121131 0.121493 0.121878 0.122311 0.122826 0.123463 0.124267 0.125283 0.126547 0.12808 0.129881 0.131915 0.134118 0.136396 0.138634 0.140704 0.142478 0.143835 0.144674 0.14492 0.144529 0.143492 0.141835 0.139618 0.136928 0.13387 0.13056 0.127107 0.123614 0.120163 0.116817 0.113621 0.110595 0.107748 0.105072 0.102553 0.100169 0.0978954 0.0957081 0.0935825 0.0914971 0.0894333 0.0873769 0.0853182 0.0832526 0.0811815 0.0791119 0.0770573 0.0750374 0.0730781 0.07121
0.116783 0.117269 0.117747 0.118216 0.118674 0.11912 0.119552 0.119971 0.120381 0.120786 0.121196 0.121626 0.122094 0.122628 0.123261 0.124033 0.124987 0.126163 0.127594 0.129297 0.131267 0.133468 0.135834 0.13827 0.140658 0.142868 0.144765 0.146227 0.147146 0.147445 0.147078 0.146037 0.144353 0.142088 0.139333 0.136197 0.132794 0.129239 0.125632 0.122057 0.118579 0.11524 0.112067 0.109066 0.106235 0.10356 0.101022 0.0985995 0.0962681 0.0940052 0.0917899 0.0896044 0.0874345 0.0852706 0.083108 0.0809477 0.0787968 0.0766686 0.074583 0.0725658 0.0706482
0.116685 0.117168 0.117645 0.118116 0.11858 0.119036 0.119484 0.119927 0.120369 0.120817 0.121282 0.12178 0.122331 0.122963 0.123708 0.124603 0.125688 0.126998 0.128563 0.130395 0.132485 0.134797 0.137264 0.139793 0.142266 0.144553 0.146519 0.148039 0.149004 0.149335 0.148986 0.147951 0.14626 0.143977 0.141195 0.138023 0.134574 0.130962 0.127286 0.123631 0.120061 0.116619 0.113332 0.11021 0.107253 0.104449 0.101782 0.0992315 0.0967763 0.0943948 0.0920674 0.0897771 0.0875104 0.0852578 0.0830151 0.0807832 0.0785692 0.0763863 0.0742542 0.0721987 0.0702505
0.116576 0.117058 0.117536 0.118011 0.118483 0.118951 0.119418 0.119886 0.120363 0.120855 0.121375 0.121939 0.122569 0.12329 0.124133 0.125133 0.126324 0.127738 0.129398 0.131314 0.133472 0.135836 0.138341 0.140896 0.143387 0.145688 0.147666 0.149197 0.150175 0.15052 0.150187 0.149169 0.147496 0.145231 0.142465 0.139304 0.13586 0.132242 0.128547 0.124859 0.12124 0.117736 0.114373 0.111166 0.108114 0.10521 0.10244 0.0997868 0.0972302 0.0947511 0.0923314 0.0899553 0.0876102 0.0852876 0.0829834 0.080699 0.0784415 0.076224 0.0740659 0.0719923 0.0700334
0.116457 0.116939 0.11742 0.1179 0.118381 0.118863 0.119349 0.119844 0.120354 0.120889 0.121461 0.122086 0.122785 0.123582 0.124507 0.125589 0.126859 0.128344 0.13006 0.132013 0.134188 0.136548 0.139031 0.141549 0.143996 0.146251 0.148187 0.149687 0.150646 0.150989 0.150669 0.149681 0.148051 0.14584 0.143133 0.140031 0.136641 0.133067 0.129403 0.125729 0.122107 0.118582 0.115183 0.111925 0.108812 0.105838 0.102994 0.100263 0.0976285 0.0950742 0.0925834 0.0901419 0.0877383 0.0853652 0.0830192 0.080702 0.0784211 0.0761892 0.0740253 0.0719537 0.070003
0.116328 0.11681 0.117294 0.11778 0.118271 0.118767 0.119273 0.119793 0.120335 0.120909 0.121526 0.122204 0.122961 0.12382 0.124807 0.125948 0.127268 0.128789 0.130524 0.132472 0.134618 0.136925 0.139333 0.141762 0.144111 0.146269 0.148119 0.149549 0.150463 0.150787 0.150479 0.14953 0.147964 0.145837 0.143226 0.140225 0.136934 0.13345 0.129861 0.126245 0.122662 0.119156 0.115758 0.112485 0.109344 0.106331 0.10344 0.100658 0.0979706 0.0953642 0.0928242 0.0903383 0.0878967 0.085493 0.0831249 0.0807946 0.0785097 0.0762828 0.0741321 0.0720806 0.0701554
0.116187 0.11667 0.117158 0.11765 0.11815 0.11866 0.119183 0.119727 0.120297 0.120904 0.12156 0.12228 0.123083 0.123988 0.125017 0.126193 0.127536 0.129063 0.130782 0.13269 0.134768 0.136981 0.139273 0.14157 0.14378 0.145803 0.14753 0.148862 0.149708 0.150001 0.1497 0.148796 0.147309 0.145287 0.142801 0.139934 0.136777 0.13342 0.129946 0.126426 0.122919 0.119469 0.116107 0.112852 0.109712 0.10669 0.10378 0.100973 0.0982571 0.0956216 0.0930543 0.0905449 0.0880853 0.0856705 0.0832993 0.0809745 0.0787037 0.0764994 0.0743786 0.0723631 0.0704778
