functions/InterpolationGstat/test.grd
DSAA
123 203
602750 633250
4.21975e+006 4.27025e+006
0.0620041 0.150989
[rows 108 to 134 of 203, columns 0 to 60 of 123]
0.10728 0.107466 0.107649 0.107829 0.108003 0.108173 0.108336 0.108492 0.108641 0.108781 0.108911 0.109029 0.109136 0.109228 0.109304 0.109364 0.109404 0.109424 0.109421 0.109394 0.10934 0.109258 0.109146 0.109002 0.108824 0.108611 0.108362 0.108075 0.10775 0.107386 0.106982 0.10654 0.106058 0.105538 0.104982 0.104389 0.103763 0.103104 0.102416 0.1017 0.10096 0.100197 0.0994161 0.0986189 0.0978089 0.0969892 0.0961628 0.0953329 0.0945024 0.0936743 0.0928512 0.0920358 0.0912307 0.0904381 0.0896602 0.0888989 0.0881561 0.0874332 0.0867317 0.0860526 0.0853968
0.106875 0.107048 0.107218 0.107383 0.107543 0.107697 0.107845 0.107985 0.108117 0.10824 0.108353 0.108454 0.108543 0.108617 0.108676 0.108718 0.108741 0.108744 0.108725 0.108683 0.108615 0.108519 0.108396 0.108242 0.108056 0.107837 0.107585 0.107297 0.106973 0.106613 0.106217 0.105784 0.105316 0.104812 0.104274 0.103703 0.1031 0.102468 0.101808 0.101122 0.100414 0.0996854 0.0989389 0.0981775 0.097404 0.0966212 0.0958319 0.095039 0.0942452 0.0934531 0.0926654 0.0918844 0.0911125 0.0903518 0.0896044 0.088872 0.0881563 0.0874588 0.0867806 0.086123 0.0854867
0.106472 0.106632 0.106789 0.10694 0.107086 0.107226 0.107359 0.107484 0.107601 0.107708 0.107805 0.10789 0.107962 0.10802 0.108063 0.108088 0.108096 0.108084 0.10805 0.107994 0.107913 0.107807 0.107673 0.10751 0.107318 0.107095 0.106839 0.106551 0.10623 0.105874 0.105485 0.105062 0.104606 0.104118 0.103597 0.103046 0.102466 0.101858 0.101224 0.100567 0.0998889 0.0991915 0.0984774 0.0977493 0.0970097 0.0962612 0.0955064 0.0947479 0.0939883 0.0932299 0.0924751 0.0917263 0.0909855 0.0902547 0.0895358 0.0888304 0.0881402 0.0874665 0.0868104 0.086173 0.0855551
0.106071 0.106219 0.106363 0.106501 0.106634 0.10676 0.106879 0.10699 0.107092 0.107184 0.107266 0.107336 0.107393 0.107436 0.107464 0.107475 0.107468 0.107442 0.107396 0.107327 0.107235 0.107118 0.106976 0.106806 0.106608 0.106381 0.106124 0.105836 0.105518 0.105167 0.104785 0.104372 0.103928 0.103453 0.102949 0.102417 0.101858 0.101273 0.100664 0.100034 0.099383 0.0987146 0.0980307 0.0973335 0.0966255 0.0959089 0.0951863 0.0944599 0.093732 0.093005 0.092281 0.0915622 0.0908504 0.0901475 0.0894553 0.0887753 0.088109 0.0874577 0.0868223 0.086204 0.0856035
0.105673 0.10581 0.105941 0.106067 0.106187 0.1063 0.106405 0.106503 0.106591 0.10667 0.106737 0.106793 0.106836 0.106865 0.106879 0.106877 0.106857 0.106819 0.106761 0.106681 0.106579 0.106454 0.106304 0.106128 0.105926 0.105696 0.105438 0.105151 0.104835 0.104489 0.104115 0.103711 0.103278 0.102817 0.102329 0.101814 0.101275 0.100711 0.100126 0.0995197 0.0988951 0.0982538 0.0975979 0.0969296 0.0962509 0.095564 0.0948713 0.0941747 0.0934765 0.0927788 0.0920835 0.0913926 0.0907079 0.0900312 0.089364 0.0887078 0.0880639 0.0874335 0.0868178 0.0862175 0.0856334
0.105279 0.105403 0.105523 0.105637 0.105745 0.105846 0.105939 0.106023 0.106099 0.106164 0.106219 0.106261 0.106291 0.106308 0.106309 0.106295 0.106263 0.106214 0.106145 0.106056 0.105945 0.105812 0.105655 0.105475 0.105268 0.105036 0.104778 0.104492 0.104179 0.103839 0.103472 0.103077 0.102655 0.102207 0.101734 0.101236 0.100715 0.100172 0.0996075 0.0990245 0.0984241 0.097808 0.0971783 0.0965367 0.0958853 0.0952262 0.0945612 0.0938925 0.0932219 0.0925515 0.091883 0.0912182 0.0905588 0.0899065 0.0892627 0.0886287 0.0880059 0.0873953 0.0867979 0.0862146 0.085646
0.104887 0.105001 0.10511 0.105213 0.105309 0.105398 0.105479 0.105551 0.105615 0.105668 0.10571 0.105741 0.105759 0.105763 0.105753 0.105728 0.105686 0.105626 0.105548 0.10545 0.105331 0.105192 0.10503 0.104844 0.104635 0.104402 0.104143 0.10386 0.10355 0.103215 0.102854 0.102468 0.102057 0.101622 0.101163 0.10068 0.100177 0.0996521 0.0991084 0.0985468 0.0979689 0.0973764 0.0967709 0.0961544 0.0955285 0.0948951 0.094256 0.0936132 0.0929684 0.0923234 0.0916798 0.0910394 0.0904037 0.0897742 0.0891523 0.0885392 0.087936 0.087344 0.0867638 0.0861965 0.0856425
0.1045 0.104604 0.104702 0.104794 0.104879 0.104956 0.105026 0.105087 0.105139 0.105181 0.105212 0.105232 0.105239 0.105232 0.105211 0.105176 0.105124 0.105055 0.104968 0.104863 0.104738 0.104592 0.104425 0.104236 0.104025 0.103791 0.103533 0.103251 0.102945 0.102615 0.102261 0.101884 0.101483 0.101059 0.100613 0.100146 0.0996586 0.0991518 0.0986269 0.0980854 0.0975286 0.096958 0.0963753 0.095782 0.0951798 0.0945704 0.0939555 0.0933368 0.092716 0.0920947 0.0914744 0.0908568 0.0902432 0.089635 0.0890335 0.0884399 0.0878553 0.0872805 0.0867166 0.0861643 0.0856242
0.104117 0.104211 0.104299 0.10438 0.104455 0.104522 0.104581 0.104632 0.104673 0.104704 0.104724 0.104733 0.10473 0.104714 0.104683 0.104638 0.104578 0.104501 0.104406 0.104294 0.104163 0.104012 0.103841 0.10365 0.103436 0.103202 0.102945 0.102665 0.102363 0.102038 0.101691 0.101322 0.100931 0.100518 0.100085 0.0996318 0.0991595 0.0986693 0.0981622 0.0976394 0.0971023 0.0965522 0.0959906 0.095419 0.0948389 0.0942519 0.0936595 0.0930633 0.0924648 0.0918656 0.0912671 0.0906707 0.0900777 0.0894895 0.0889071 0.0883318 0.0877644 0.087206 0.0866573 0.0861191 0.0855919
0.103738 0.103822 0.103901 0.103972 0.104037 0.104094 0.104143 0.104184 0.104215 0.104236 0.104247 0.104246 0.104234 0.104208 0.104169 0.104115 0.104047 0.103962 0.103861 0.103743 0.103606 0.103451 0.103277 0.103083 0.102869 0.102634 0.102378 0.102101 0.101803 0.101483 0.101143 0.100781 0.100399 0.0999973 0.099576 0.0991361 0.0986783 0.0982036 0.0977131 0.0972079 0.0966891 0.0961581 0.0956163 0.0950649 0.0945054 0.0939392 0.0933678 0.0927926 0.092215 0.0916364 0.0910582 0.0904816 0.0899079 0.0893382 0.0887738 0.0882155 0.0876643 0.0871212 0.0865868 0.0860618 0.0855468
0.103364 0.103439 0.103508 0.103571 0.103626 0.103674 0.103714 0.103745 0.103766 0.103778 0.10378 0.10377 0.103749 0.103714 0.103667 0.103606 0.10353 0.103439 0.103332 0.103208 0.103067 0.102908 0.102731 0.102535 0.10232 0.102086 0.101831 0.101557 0.101262 0.100948 0.100614 0.10026 0.0998871 0.0994953 0.0990854 0.0986579 0.0982137 0.0977536 0.0972787 0.0967899 0.0962883 0.0957752 0.0952518 0.0947193 0.094179 0.0936323 0.0930804 0.0925248 0.0919666 0.0914073 0.0908479 0.0902898 0.0897341 0.0891819 0.0886341 0.0880918 0.0875558 0.0870269 0.0865058 0.0859933 0.0854897
0.102995 0.103061 0.103121 0.103175 0.103222 0.10326 0.103291 0.103314 0.103327 0.10333 0.103323 0.103305 0.103275 0.103233 0.103179 0.10311 0.103028 0.102931 0.102818 0.10269 0.102545 0.102383 0.102203 0.102006 0.10179 0.101556 0.101303 0.101032 0.100741 0.100432 0.100104 0.0997577 0.0993932 0.0990111 0.0986118 0.0981962 0.0977648 0.0973184 0.0968581 0.0963846 0.0958992 0.0954028 0.0948965 0.0943816 0.0938593 0.0933307 0.0927971 0.0922597 0.0917197 0.0911783 0.0906366 0.0900958 0.0895568 0.0890208 0.0884887 0.0879612 0.0874394 0.0869239 0.0864154 0.0859144 0.0854216
0.102631 0.102689 0.10274 0.102786 0.102824 0.102854 0.102877 0.102891 0.102896 0.102891 0.102876 0.10285 0.102813 0.102764 0.102702 0.102628 0.102539 0.102437 0.102319 0.102187 0.102038 0.101874 0.101692 0.101494 0.101278 0.101045 0.100794 0.100525 0.100239 0.0999341 0.0996122 0.0992728 0.0989165 0.0985435 0.0981545 0.0977499 0.0973306 0.0968971 0.0964505 0.0959915 0.095521 0.0950402 0.0945501 0.0940517 0.0935461 0.0930344 0.0925179 0.0919975 0.0914744 0.0909497 0.0904245 0.0898997 0.0893765 0.0888556 0.088338 0.0878246 0.087316 0.0868129 0.0863161 0.085826 0.0853432
0.102271 0.102321 0.102365 0.102403 0.102433 0.102455 0.10247 0.102476 0.102473 0.102461 0.102439 0.102406 0.102362 0.102306 0.102238 0.102158 0.102064 0.101957 0.101835 0.101699 0.101547 0.10138 0.101197 0.100998 0.100783 0.10055 0.100301 0.100036 0.0997528 0.0994532 0.0991371 0.0988045 0.0984559 0.0980917 0.0977123 0.0973183 0.0969103 0.096489 0.0960552 0.0956097 0.0951533 0.0946871 0.094212 0.093729 0.093239 0.0927432 0.0922425 0.091738 0.0912307 0.0907216 0.0902118 0.089702 0.0891934 0.0886867 0.0881827 0.0876822 0.087186 0.0866947 0.0862088 0.0857289 0.0852554
0.101917 0.10196 0.101996 0.102026 0.102049 0.102064 0.102071 0.10207 0.10206 0.10204 0.102011 0.101972 0.101921 0.10186 0.101786 0.101701 0.101602 0.10149 0.101365 0.101225 0.101071 0.100902 0.100718 0.100518 0.100303 0.100072 0.0998251 0.0995622 0.0992832 0.0989884 0.0986779 0.0983519 0.0980107 0.0976547 0.0972844 0.0969003 0.096503 0.0960931 0.0956714 0.0952386 0.0947955 0.094343 0.0938819 0.0934132 0.0929379 0.0924568 0.0919709 0.0914812 0.0909887 0.0904942 0.0899987 0.089503 0.089008 0.0885144 0.0880232 0.0875349 0.0870502 0.0865697 0.086094 0.0856236 0.0851589
0.101568 0.101604 0.101633 0.101656 0.101671 0.101679 0.10168 0.101672 0.101655 0.101629 0.101593 0.101548 0.101492 0.101424 0.101346 0.101255 0.101152 0.101037 0.100908 0.100765 0.100609 0.100438 0.100253 0.100054 0.0998389 0.0996091 0.0993643 0.0991042 0.098829 0.0985388 0.0982337 0.0979139 0.0975798 0.0972318 0.0968701 0.0964954 0.0961082 0.095709 0.0952986 0.0948777 0.094447 0.0940073 0.0935594 0.0931041 0.0926424 0.0921751 0.0917031 0.0912273 0.0907485 0.0902676 0.0897854 0.0893028 0.0888205 0.0883393 0.0878599 0.0873829 0.086909 0.0864387 0.0859726 0.085511 0.0850544
0.101225 0.101253 0.101276 0.101292 0.1013 0.101302 0.101296 0.101281 0.101258 0.101226 0.101185 0.101134 0.101072 0.101 0.100916 0.100821 0.100715 0.100595 0.100463 0.100319 0.10016 0.0999885 0.0998028 0.099603 0.099389 0.0991607 0.098918 0.0986608 0.0983893 0.0981036 0.0978037 0.09749 0.0971626 0.096822 0.0964686 0.0961027 0.095725 0.095336 0.0949363 0.0945265 0.0941074 0.0936796 0.093244 0.0928014 0.0923524 0.091898 0.0914389 0.090976 0.0905101 0.0900419 0.0895722 0.0891018 0.0886314 0.0881617 0.0876933 0.0872269 0.0867631 0.0863022 0.0858449 0.0853916 0.0849426
0.100886 0.100908 0.100925 0.100934 0.100937 0.100932 0.10092 0.100899 0.10087 0.100833 0.100786 0.100729 0.100663 0.100586 0.100498 0.100399 0.100288 0.100166 0.100032 0.0998845 0.0997247 0.0995518 0.0993656 0.0991661 0.0989529 0.0987261 0.0984856 0.0982314 0.0979635 0.097682 0.0973872 0.0970792 0.0967583 0.0964248 0.0960792 0.0957217 0.095353 0.0949735 0.0945838 0.0941845 0.0937762 0.0933597 0.0929357 0.0925048 0.0920677 0.0916254 0.0911784 0.0907275 0.0902736 0.0898172 0.0893592 0.0889002 0.0884409 0.0879819 0.0875239 0.0870673 0.0866128 0.0861608 0.0857118 0.0852661 0.0848241
0.100553 0.100569 0.100579 0.100583 0.100579 0.100569 0.100551 0.100525 0.10049 0.100447 0.100395 0.100334 0.100263 0.100182 0.10009 0.0999873 0.0998736 0.0997485 0.0996116 0.0994627 0.0993015 0.0991278 0.0989414 0.0987422 0.09853 0.0983047 0.0980664 0.0978151 0.0975507 0.0972735 0.0969835 0.096681 0.0963663 0.0960396 0.0957012 0.0953517 0.0949914 0.0946209 0.0942406 0.0938512 0.0934532 0.0930472 0.0926339 0.092214 0.0917882 0.0913571 0.0909214 0.0904818 0.0900391 0.0895938 0.0891466 0.0886983 0.0882493 0.0878003 0.0873519 0.0869045 0.0864587 0.0860149 0.0855736 0.085135 0.0846995
0.100226 0.100236 0.10024 0.100238 0.100229 0.100213 0.100189 0.100158 0.100119 0.100071 0.100014 0.099948 0.0998726 0.0997874 0.0996921 0.0995863 0.0994697 0.0993421 0.0992031 0.0990526 0.0988903 0.098716 0.0985295 0.0983307 0.0981196 0.097896 0.0976599 0.0974114 0.0971505 0.0968773 0.096592 0.0962948 0.0959859 0.0956656 0.0953342 0.0949922 0.0946399 0.0942778 0.0939064 0.0935262 0.0931378 0.0927417 0.0923386 0.091929 0.0915136 0.091093 0.0906679 0.0902389 0.0898066 0.0893716 0.0889347 0.0884962 0.0880569 0.0876173 0.0871778 0.086739 0.0863013 0.0858652 0.0854309 0.084999 0.0845695
0.0999032 0.0999081 0.0999069 0.0998993 0.099885 0.0998637 0.0998351 0.0997988 0.0997546 0.0997021 0.099641 0.099571 0.0994917 0.0994029 0.0993043 0.0991955 0.0990763 0.0989464 0.0988057 0.0986538 0.0984905 0.0983158 0.0981294 0.0979312 0.0977211 0.0974992 0.0972654 0.0970196 0.0967621 0.0964928 0.096212 0.0959198 0.0956165 0.0953023 0.0949776 0.0946426 0.0942979 0.0939438 0.0935808 0.0932093 0.0928299 0.0924431 0.0920494 0.0916495 0.0912439 0.0908332 0.0904179 0.0899988 0.0895762 0.089151 0.0887235 0.0882943 0.087864 0.0874331 0.087002 0.0865711 0.086141 0.085712 0.0852844 0.0848585 0.0844347
0.0995863 0.099586 0.0995796 0.0995669 0.0995477 0.0995215 0.0994881 0.0994472 0.0993985 0.0993417 0.0992766 0.0992027 0.0991198 0.0990277 0.0989261 0.0988146 0.0986931 0.0985612 0.0984189 0.0982658 0.0981018 0.0979268 0.0977405 0.097543 0.0973342 0.0971139 0.0968823 0.0966393 0.096385 0.0961195 0.095843 0.0955557 0.0952577 0.0949493 0.0946308 0.0943026 0.093965 0.0936184 0.0932633 0.0929 0.092529 0.0921509 0.0917662 0.0913753 0.0909789 0.0905774 0.0901714 0.0897615 0.0893481 0.0889319 0.0885132 0.0880927 0.0876708 0.087248 0.0868247 0.0864013 0.0859782 0.0855558 0.0851343 0.0847142 0.0842955
0.0992747 0.0992694 0.0992582 0.0992407 0.0992167 0.0991859 0.0991481 0.0991029 0.09905 0.0989893 0.0989203 0.0988429 0.0987567 0.0986616 0.0985572 0.0984433 0.0983196 0.098186 0.0980423 0.0978882 0.0977237 0.0975485 0.0973626 0.0971658 0.0969582 0.0967396 0.0965102 0.0962699 0.0960187 0.0957569 0.0954846 0.0952018 0.0949089 0.094606 0.0942935 0.0939717 0.0936408 0.0933013 0.0929536 0.092598 0.092235 0.0918651 0.0914887 0.0911064 0.0907185 0.0903257 0.0899284 0.0895271 0.0891223 0.0887145 0.0883041 0.0878917 0.0874777 0.0870624 0.0866464 0.0862299 0.0858134 0.0853971 0.0849813 0.0845664 0.0841525
0.0989684 0.0989585 0.0989426 0.0989206 0.0988921 0.098857 0.098815 0.0987657 0.098709 0.0986445 0.0985721 0.0984914 0.0984022 0.0983042 0.0981973 0.0980812 0.0979557 0.0978205 0.0976756 0.0975207 0.0973557 0.0971805 0.096995 0.0967991 0.0965927 0.0963758 0.0961486 0.0959109 0.0956628 0.0954045 0.0951361 0.0948578 0.0945697 0.0942721 0.0939652 0.0936494 0.0933249 0.0929921 0.0926514 0.0923031 0.0919476 0.0915854 0.0912168 0.0908425 0.0904627 0.090078 0.0896888 0.0892956 0.0888988 0.0884989 0.0880963 0.0876914 0.0872847 0.0868766 0.0864673 0.0860573 0.0856469 0.0852363 0.0848259 0.0844158 0.0840064
0.0986674 0.098653 0.0986328 0.0986065 0.0985738 0.0985347 0.0984887 0.0984356 0.0983753 0.0983074 0.0982317 0.0981479 0.0980559 0.0979555 0.0978463 0.0977281 0.0976009 0.0974644 0.0973185 0.0971629 0.0969976 0.0968225 0.0966374 0.0964423 0.0962373 0.0960221 0.095797 0.0955618 0.0953168 0.0950619 0.0947973 0.0945232 0.0942397 0.0939471 0.0936456 0.0933355 0.093017 0.0926906 0.0923564 0.0920149 0.0916665 0.0913116 0.0909504 0.0905835 0.0902113 0.0898342 0.0894527 0.089067 0.0886777 0.0882852 0.0878899 0.0874921 0.0870923 0.0866907 0.0862878 0.0858838 0.0854791 0.0850738 0.0846683 0.0842628 0.0838574
0.0983716 0.098353 0.0983286 0.0982983 0.0982617 0.0982187 0.098169 0.0981124 0.0980487 0.0979776 0.0978989 0.0978124 0.0977178 0.097615 0.0975037 0.0973838 0.0972551 0.0971173 0.0969705 0.0968144 0.0966489 0.0964739 0.0962894 0.0960953 0.0958915 0.0956781 0.095455 0.0952223 0.0949802 0.0947286 0.0944676 0.0941976 0.0939185 0.0936307 0.0933343 0.0930296 0.0927168 0.0923963 0.0920684 0.0917334 0.0913916 0.0910435 0.0906893 0.0903295 0.0899644 0.0895944 0.08922 0.0888415 0.0884592 0.0880737 0.0876851 0.087294 0.0869006 0.0865052 0.0861082 0.0857098 0.0853104 0.0849101 0.0845092 0.0841079 0.0837063
0.0980809 0.0980583 0.0980301 0.0979959 0.0979556 0.0979091 0.0978559 0.097796 0.0977291 0.097655 0.0975735 0.0974844 0.0973875 0.0972825 0.0971694 0.0970478 0.0969178 0.096779 0.0966314 0.0964749 0.0963093 0.0961346 0.0959507 0.0957575 0.095555 0.0953433 0.0951223 0.094892 0.0946527 0.0944042 0.0941468 0.0938806 0.0936057 0.0933224 0.0930309 0.0927313 0.092424 0.0921092 0.0917871 0.0914582 0.0911227 0.090781 0.0904334 0.0900802 0.0897218 0.0893586 0.0889908 0.088619 0.0882434 0.0878643 0.0874821 0.0870972 0.0867098 0.0863202 0.0859287 0.0855356 0.0851411 0.0847455 0.0843489 0.0839514 0.0835534
