functions/InterpolationGstat/test.grd
DSAA
123 203
602750 633250
4.21975e+006 4.27025e+006
0.0620041 0.150989
[rows 81 to 107 of 203, columns 0 to 60 of 123]
0.116035 0.116519 0.117009 0.117507 0.118016 0.118537 0.119077 0.119639 0.120233 0.120867 0.121553 0.122306 0.12314 0.124074 0.125126 0.126315 0.127657 0.129163 0.130838 0.132676 0.134657 0.136746 0.138893 0.141028 0.143072 0.144932 0.146513 0.147724 0.148486 0.148737 0.148439 0.147582 0.146181 0.144278 0.141934 0.139223 0.136226 0.133024 0.129693 0.1263 0.1229 0.119537 0.116241 0.113034 0.109926 0.106921 0.104018 0.10121 0.0984892 0.0958468 0.0932732 0.0907604 0.088302 0.0858946 0.0835379 0.0812354 0.0789948 0.0768281 0.0747515 0.0727848 0.0709507
0.11587 0.116354 0.116847 0.117349 0.117865 0.118396 0.118948 0.119526 0.120138 0.120792 0.121499 0.122272 0.123125 0.124073 0.125131 0.126314 0.127633 0.129097 0.130706 0.132451 0.134313 0.136259 0.138241 0.140198 0.142058 0.143741 0.145162 0.146242 0.146909 0.14711 0.14681 0.145996 0.144683 0.142903 0.14071 0.138166 0.135344 0.132315 0.129148 0.125905 0.122636 0.119384 0.11618 0.113046 0.109994 0.107031 0.104158 0.101373 0.0986689 0.0960403 0.0934801 0.0909825 0.0885431 0.0861597 0.0838333 0.0815678 0.0793711 0.0772545 0.0752331 0.0733249 0.0715502
0.115692 0.116175 0.116669 0.117175 0.117695 0.118233 0.118794 0.119383 0.120007 0.120674 0.121394 0.122177 0.123037 0.123985 0.125033 0.126193 0.127472 0.128877 0.130403 0.132041 0.133771 0.135562 0.13737 0.139141 0.140811 0.142311 0.143567 0.14451 0.145079 0.145224 0.144916 0.144143 0.142914 0.141256 0.139213 0.136841 0.134199 0.131352 0.128361 0.125281 0.122161 0.119039 0.115946 0.112906 0.109931 0.107031 0.10421 0.101466 0.0987987 0.0962026 0.0936736 0.0912081 0.0888034 0.0864588 0.0841762 0.0819601 0.0798182 0.0777614 0.0758033 0.0739603 0.0722503
0.115499 0.115981 0.116475 0.116982 0.117504 0.118046 0.118612 0.119207 0.119838 0.12051 0.121235 0.122019 0.122874 0.12381 0.124835 0.125959 0.127186 0.128518 0.129951 0.131473 0.133064 0.134695 0.136327 0.137912 0.139395 0.140714 0.141807 0.142615 0.143083 0.143172 0.142852 0.142113 0.140962 0.13942 0.137523 0.135317 0.132855 0.130192 0.127381 0.124473 0.12151 0.118531 0.115564 0.112633 0.109752 0.106932 0.10418 0.101496 0.0988817 0.0963343 0.0938522 0.0914334 0.089077 0.0867836 0.084556 0.0823992 0.0803206 0.0783305 0.0764414 0.0746675 0.0730248
0.115291 0.115771 0.116263 0.116769 0.117291 0.117834 0.118402 0.118998 0.119629 0.120301 0.121022 0.121799 0.12264 0.123553 0.124546 0.125623 0.126788 0.12804 0.129372 0.130773 0.132223 0.133696 0.135156 0.136561 0.137863 0.139009 0.139946 0.140624 0.140996 0.141027 0.140693 0.139983 0.138902 0.137466 0.135706 0.133659 0.13137 0.128887 0.126255 0.123519 0.12072 0.11789 0.115059 0.112248 0.109474 0.106748 0.104078 0.101469 0.0989212 0.0964364 0.0940141 0.0916543 0.0893575 0.0871255 0.0849619 0.0828718 0.0808626 0.0789439 0.0771268 0.075424 0.0738491
0.115068 0.115544 0.116032 0.116535 0.117056 0.117596 0.118161 0.118754 0.119381 0.120046 0.120757 0.121518 0.122338 0.123221 0.124173 0.125197 0.126293 0.127459 0.128688 0.129968 0.131279 0.132598 0.133894 0.135128 0.13626 0.137245 0.138036 0.138592 0.138872 0.138848 0.138498 0.137812 0.136792 0.135453 0.133819 0.13192 0.129795 0.127483 0.125024 0.122459 0.119822 0.117145 0.114454 0.111771 0.109112 0.10649 0.103914 0.10139 0.0989209 0.0965097 0.094158 0.091867 0.0896388 0.0874761 0.085383 0.083365 0.0814293 0.0795845 0.0778407 0.076209 0.074701
0.114829 0.1153 0.115783 0.116281 0.116796 0.117332 0.11789 0.118476 0.119094 0.119747 0.120442 0.121182 0.121974 0.12282 0.123725 0.12469 0.125714 0.126793 0.127918 0.129079 0.130257 0.131431 0.132572 0.133647 0.134622 0.135457 0.136115 0.136558 0.136755 0.136678 0.136311 0.135644 0.13468 0.133427 0.131907 0.130144 0.12817 0.126019 0.123726 0.121325 0.118847 0.116321 0.113772 0.111221 0.108683 0.106172 0.103697 0.101266 0.0988845 0.0965555 0.0942823 0.0920678 0.089915 0.0878274 0.0858095 0.0838671 0.082007 0.0802371 0.0785665 0.0770047 0.0755615
0.114575 0.115038 0.115515 0.116006 0.116514 0.117041 0.11759 0.118165 0.118769 0.119406 0.12008 0.120795 0.121553 0.122359 0.123213 0.124116 0.125065 0.126057 0.127081 0.128128 0.12918 0.130217 0.131214 0.132144 0.132975 0.133675 0.134211 0.134553 0.134673 0.134548 0.134165 0.133514 0.132597 0.131421 0.130003 0.128364 0.126529 0.124528 0.12239 0.120145 0.11782 0.115443 0.113035 0.110615 0.1082 0.105804 0.103436 0.101104 0.0988156 0.0965749 0.0943863 0.0922537 0.0901809 0.0881723 0.0862326 0.0843677 0.0825839 0.0808886 0.0792898 0.0777957 0.0764149
0.114305 0.11476 0.115228 0.11571 0.116209 0.116725 0.117262 0.117823 0.118411 0.119027 0.119676 0.120361 0.121083 0.121844 0.122645 0.123485 0.12436 0.125266 0.126193 0.127131 0.128064 0.128975 0.129841 0.130638 0.13134 0.131918 0.132346 0.132596 0.132647 0.132479 0.13208 0.131443 0.130568 0.129461 0.128134 0.126606 0.124898 0.123035 0.121041 0.118943 0.116764 0.114529 0.112258 0.109969 0.107678 0.105398 0.103138 0.10091 0.0987179 0.0965694 0.0944692 0.092422 0.0904323 0.0885048 0.0866448 0.0848577 0.0831499 0.0815279 0.0799989 0.07857 0.0772483
0.11402 0.114466 0.114924 0.115395 0.115882 0.116385 0.116908 0.117452 0.118019 0.118613 0.119235 0.119886 0.120569 0.121284 0.122031 0.122807 0.12361 0.124432 0.125267 0.126103 0.126927 0.127721 0.128468 0.129146 0.129731 0.130201 0.130531 0.130701 0.130691 0.130485 0.130072 0.129447 0.128608 0.127561 0.126317 0.12489 0.123297 0.121559 0.119698 0.117737 0.115696 0.113597 0.111458 0.109297 0.107127 0.104962 0.102813 0.100688 0.0985947 0.0965405 0.0945308 0.0925708 0.0906655 0.0888201 0.0870398 0.0853301 0.0836969 0.0821463 0.0806845 0.0793178 0.0780521
0.113721 0.114156 0.114602 0.115061 0.115534 0.116023 0.116529 0.117054 0.117599 0.118167 0.118759 0.119376 0.120019 0.120687 0.121379 0.122093 0.122824 0.123568 0.124315 0.125057 0.125779 0.126468 0.127107 0.127677 0.128159 0.128532 0.128778 0.128876 0.128813 0.128573 0.128148 0.127533 0.126727 0.125735 0.124564 0.123227 0.121738 0.120115 0.118377 0.116542 0.114631 0.11266 0.110647 0.108608 0.106557 0.104506 0.102465 0.100443 0.0984492 0.0964898 0.0945711 0.0926987 0.090878 0.0891144 0.087413 0.0857793 0.0842187 0.082737 0.0813396 0.080032 0.0788191
0.113407 0.113831 0.114264 0.11471 0.115168 0.11564 0.116127 0.116631 0.117153 0.117694 0.118254 0.118835 0.119437 0.120057 0.120696 0.121349 0.122013 0.122682 0.123348 0.124002 0.124632 0.125225 0.125767 0.126241 0.126631 0.126919 0.12709 0.127127 0.127016 0.126748 0.126313 0.125708 0.124931 0.123987 0.122882 0.121626 0.120232 0.118713 0.117087 0.11537 0.113578 0.111728 0.109835 0.107914 0.105976 0.104035 0.1021 0.100181 0.0982844 0.0964189 0.0945905 0.0928049 0.0910679 0.0893847 0.0877607 0.0862009 0.0847107 0.0832951 0.0819592 0.0807075 0.0795443
0.113081 0.113491 0.113911 0.114342 0.114784 0.115238 0.115705 0.116187 0.116684 0.117196 0.117725 0.118269 0.118829 0.119403 0.11999 0.120585 0.121185 0.121783 0.122373 0.122946 0.123492 0.123999 0.124454 0.124843 0.125152 0.125366 0.125471 0.125454 0.125303 0.12501 0.124567 0.123971 0.123222 0.122321 0.121276 0.120093 0.118784 0.11736 0.115837 0.114228 0.112547 0.11081 0.10903 0.107219 0.105391 0.103556 0.101724 0.0999035 0.098103 0.0963295 0.0945896 0.0928892 0.0912341 0.0896294 0.0880805 0.0865923 0.0851697 0.0838173 0.0825397 0.0813409 0.0802246
0.112742 0.113139 0.113544 0.113959 0.114383 0.114819 0.115265 0.115724 0.116195 0.116678 0.117174 0.117682 0.118201 0.11873 0.119266 0.119806 0.120345 0.120878 0.121398 0.121897 0.122367 0.122796 0.123173 0.123487 0.123724 0.123873 0.123921 0.123857 0.123672 0.123358 0.12291 0.122323 0.121598 0.120738 0.119745 0.118629 0.117397 0.116061 0.114631 0.113121 0.111544 0.109912 0.108237 0.106532 0.104807 0.103073 0.10134 0.0996153 0.0979073 0.0962232 0.0945693 0.0929517 0.091376 0.0898474 0.088371 0.0869515 0.0855935 0.0843014 0.0830792 0.0819304 0.0808581
0.112392 0.112774 0.113165 0.113563 0.113969 0.114385 0.11481 0.115244 0.115689 0.116143 0.116607 0.117079 0.117558 0.118043 0.11853 0.119017 0.119499 0.119972 0.120428 0.12086 0.12126 0.12162 0.121928 0.122175 0.122349 0.122441 0.12244 0.122336 0.122122 0.121791 0.121338 0.120761 0.120059 0.119235 0.118292 0.117235 0.116074 0.114816 0.113473 0.112054 0.110572 0.109037 0.107461 0.105855 0.104228 0.102591 0.100951 0.0993185 0.0976996 0.0961015 0.0945306 0.0929928 0.0914936 0.0900382 0.0886314 0.0872777 0.0859814 0.0847465 0.0835767 0.0824751 0.0814444
0.112032 0.112399 0.112774 0.113154 0.113543 0.113938 0.114341 0.114751 0.115169 0.115594 0.116026 0.116462 0.116903 0.117345 0.117787 0.118225 0.118654 0.11907 0.119467 0.119838 0.120176 0.120473 0.12072 0.120908 0.121028 0.12107 0.121026 0.120888 0.120649 0.120305 0.119849 0.119282 0.118602 0.117811 0.116912 0.115911 0.114813 0.113628 0.112363 0.111028 0.109634 0.10819 0.106706 0.105192 0.103657 0.102111 0.100561 0.0990155 0.0974816 0.0959659 0.0944745 0.0930133 0.0915874 0.090202 0.0888617 0.0875707 0.0863331 0.0851525 0.0840322 0.0829752 0.0819837
0.111662 0.112015 0.112373 0.112736 0.113105 0.11348 0.113861 0.114247 0.114639 0.115035 0.115435 0.115837 0.11624 0.116643 0.117041 0.117432 0.117812 0.118176 0.118519 0.118835 0.119118 0.119359 0.119551 0.119687 0.119759 0.119758 0.119677 0.11951 0.119251 0.118896 0.11844 0.117882 0.117222 0.116462 0.115604 0.114653 0.113614 0.112495 0.111302 0.110045 0.108731 0.107371 0.105973 0.104545 0.103097 0.101636 0.100171 0.0987082 0.097255 0.0958177 0.0944022 0.093014 0.0916581 0.0903394 0.0890623 0.0878309 0.0866489 0.0855198 0.0844464 0.0834314 0.082477
0.111285 0.111622 0.111963 0.112309 0.112659 0.113013 0.113371 0.113734 0.114099 0.114467 0.114836 0.115206 0.115573 0.115937 0.116295 0.116643 0.116977 0.117294 0.117588 0.117854 0.118086 0.118277 0.118422 0.118512 0.118541 0.118503 0.118391 0.1182 0.117924 0.11756 0.117105 0.116557 0.115917 0.115185 0.114365 0.11346 0.112475 0.111416 0.110289 0.109103 0.107864 0.106582 0.105263 0.103916 0.102548 0.101168 0.0997825 0.0983981 0.0970214 0.0956585 0.0943149 0.092996 0.0917066 0.0904512 0.0892342 0.0880592 0.0869299 0.0858493 0.0848203 0.0838451 0.0829257
0.1109 0.111221 0.111546 0.111874 0.112205 0.112539 0.112875 0.113213 0.113553 0.113894 0.114234 0.114571 0.114905 0.115233 0.115552 0.115859 0.116152 0.116425 0.116674 0.116895 0.117082 0.117229 0.117331 0.117381 0.117374 0.117304 0.117165 0.116953 0.116663 0.116293 0.11584 0.115303 0.114681 0.113977 0.113191 0.112329 0.111393 0.110389 0.109324 0.108203 0.107033 0.105822 0.104577 0.103305 0.102013 0.100708 0.0993974 0.0980866 0.096782 0.0954892 0.0942137 0.0929604 0.0917339 0.0905386 0.0893783 0.0882568 0.0871772 0.0861426 0.0851554 0.0842178 0.0833315
0.11051 0.110815 0.111123 0.111433 0.111745 0.112058 0.112373 0.112688 0.113003 0.113317 0.113629 0.113936 0.114238 0.114531 0.114815 0.115085 0.115338 0.115572 0.115781 0.115961 0.116107 0.116215 0.116279 0.116295 0.116256 0.116158 0.115996 0.115767 0.115466 0.115092 0.114642 0.114115 0.113511 0.112832 0.112079 0.111256 0.110365 0.109413 0.108403 0.107343 0.106237 0.105092 0.103916 0.102713 0.101492 0.100257 0.0990163 0.0977746 0.0965378 0.0953112 0.0940998 0.0929084 0.0917413 0.0906026 0.089496 0.0884249 0.0873924 0.0864011 0.0854535 0.0845514 0.0836965
0.110114 0.110404 0.110695 0.110987 0.11128 0.111574 0.111868 0.11216 0.112451 0.112739 0.113023 0.113302 0.113573 0.113835 0.114085 0.114321 0.114539 0.114736 0.114908 0.115051 0.115162 0.115235 0.115266 0.11525 0.115184 0.115062 0.114881 0.114638 0.114329 0.113952 0.113505 0.112989 0.112403 0.111747 0.111025 0.110238 0.109389 0.108484 0.107526 0.106521 0.105474 0.104391 0.103278 0.10214 0.100984 0.0998155 0.09864 0.097463 0.0962897 0.0951253 0.0939743 0.0928412 0.0917301 0.0906447 0.0895887 0.0885652 0.087577 0.0866266 0.0857163 0.0848479 0.0840227
0.109714 0.109988 0.110263 0.110538 0.110813 0.111087 0.11136 0.11163 0.111898 0.112162 0.11242 0.112671 0.112914 0.113146 0.113365 0.113569 0.113754 0.113918 0.114057 0.114167 0.114246 0.114288 0.114289 0.114247 0.114157 0.114015 0.113817 0.113562 0.113247 0.112869 0.112427 0.111921 0.111352 0.110719 0.110025 0.109271 0.108462 0.1076 0.10669 0.105737 0.104744 0.103718 0.102663 0.101586 0.100491 0.0993833 0.0982689 0.0971524 0.0960388 0.0949326 0.0938383 0.0927599 0.0917014 0.0906663 0.0896579 0.0886791 0.0877327 0.0868209 0.0859459 0.0851092 0.0843123
0.109312 0.10957 0.109829 0.110087 0.110343 0.110598 0.110851 0.111101 0.111346 0.111586 0.11182 0.112046 0.112262 0.112466 0.112656 0.11283 0.112986 0.11312 0.113228 0.113309 0.113359 0.113373 0.113349 0.113283 0.113172 0.113013 0.112802 0.112538 0.112217 0.11184 0.111403 0.110908 0.110355 0.109743 0.109075 0.108354 0.10758 0.106759 0.105893 0.104987 0.104045 0.103071 0.102071 0.10105 0.100011 0.0989608 0.0979033 0.0968434 0.0957854 0.0947338 0.0936926 0.0926657 0.0916566 0.0906687 0.089705 0.0887684 0.0878613 0.0869859 0.0861442 0.0853375 0.0845673
0.108907 0.10915 0.109393 0.109634 0.109873 0.11011 0.110343 0.110572 0.110796 0.111014 0.111225 0.111426 0.111617 0.111795 0.111959 0.112106 0.112234 0.112341 0.112422 0.112476 0.1125 0.11249 0.112444 0.112358 0.112229 0.112055 0.111833 0.111561 0.111237 0.110861 0.11043 0.109946 0.109408 0.108817 0.108174 0.107481 0.106742 0.105958 0.105133 0.104271 0.103375 0.102451 0.101501 0.100531 0.0995453 0.098548 0.0975436 0.0965363 0.0955304 0.0945299 0.0935384 0.0925596 0.0915968 0.0906532 0.0897316 0.0888346 0.0879645 0.0871234 0.086313 0.0855349 0.08479
0.1085 0.108729 0.108956 0.109181 0.109403 0.109622 0.109837 0.110046 0.11025 0.110447 0.110635 0.110814 0.110981 0.111135 0.111275 0.111397 0.1115 0.111581 0.111639 0.111669 0.11167 0.111638 0.111572 0.111468 0.111324 0.111137 0.110906 0.110629 0.110303 0.109929 0.109505 0.109031 0.108508 0.107936 0.107316 0.106652 0.105943 0.105194 0.104407 0.103586 0.102733 0.101854 0.100951 0.10003 0.0990926 0.0981447 0.0971897 0.0962316 0.0952742 0.0943213 0.0933763 0.0924426 0.0915232 0.0906212 0.089739 0.0888792 0.088044 0.0872352 0.0864544 0.0857032 0.0849824
0.108093 0.108307 0.108519 0.108728 0.108934 0.109136 0.109333 0.109524 0.109708 0.109885 0.110052 0.11021 0.110355 0.110487 0.110604 0.110703 0.110784 0.110842 0.110877 0.110886 0.110867 0.110816 0.110733 0.110613 0.110456 0.110259 0.110021 0.109739 0.109412 0.109041 0.108624 0.10816 0.107651 0.107098 0.106501 0.105861 0.105182 0.104465 0.103714 0.10293 0.102118 0.10128 0.100421 0.0995442 0.0986527 0.0977506 0.0968416 0.0959293 0.0950173 0.0941088 0.0932073 0.0923157 0.091437 0.0905738 0.0897287 0.0889039 0.0881014 0.087323 0.0865702 0.0858443 0.0851464
0.107686 0.107886 0.108084 0.108277 0.108467 0.108652 0.108832 0.109006 0.109172 0.109329 0.109477 0.109615 0.10974 0.109851 0.109947 0.110026 0.110085 0.110123 0.110138 0.110128 0.110091 0.110023 0.109924 0.109792 0.109623 0.109418 0.109173 0.108888 0.108562 0.108194 0.107784 0.107331 0.106836 0.1063 0.105723 0.105108 0.104456 0.103769 0.103051 0.102302 0.101527 0.100729 0.0999099 0.0990742 0.0982249 0.0973655 0.0964994 0.0956297 0.0947599 0.093893 0.093032 0.0921799 0.0913392 0.0905125 0.089702 0.08891 0.0881383 0.0873885 0.0866621 0.0859602 0.085284
